0 0 1 61921
1 1 0 61921
2 0 2 63996
3 2 0 63996
4 3 4 1234
5 4 3 1234
6 5 6 3669
7 6 5 3669
8 7 8 5429
9 8 7 5429
10 9 10 4363
11 10 9 4363
12 11 12 33849
13 12 11 33849
14 13 14 4312
15 14 13 4312
16 15 16 22823
17 16 15 22823
18 14 16 21550
19 16 14 21550
20 17 18 907266
21 18 17 907266
22 19 20 1098674
23 20 19 1098674
24 19 6 26326
25 6 19 26326
26 19 21 23965
27 21 19 23965
28 20 22 29035
29 22 20 29035
30 23 20 27079
31 20 23 27079
32 24 25 1641744
33 25 24 1641744
34 26 0 166468
35 0 26 166468
36 27 1 557638
37 1 27 557638
38 27 3 43087
39 3 27 43087
40 28 27 40293
41 27 28 40293
42 28 3 30186
43 3 28 30186
44 5 4 24860
45 4 5 24860
46 29 5 31218
47 5 29 31218
48 30 2 176504
49 2 30 176504
50 31 32 492397
51 32 31 492397
52 33 34 45677
53 34 33 45677
54 35 34 196758
55 34 35 196758
56 7 35 22324
57 35 7 22324
58 7 36 18207
59 36 7 18207
60 8 10 19008
61 10 8 19008
62 37 9 28178
63 9 37 28178
64 38 9 22793
65 9 38 22793
66 36 38 32742
67 38 36 32742
68 35 36 23925
69 36 35 23925
70 11 37 374357
71 37 11 374357
72 37 38 26087
73 38 37 26087
74 39 11 31110
75 11 39 31110
76 12 39 23563
77 39 12 23563
78 39 40 15570
79 40 39 15570
80 40 22 17367
81 22 40 17367
82 17 40 692727
83 40 17 692727
84 23 22 22372
85 22 23 22372
86 23 24 18686
87 24 23 18686
88 24 12 15511
89 12 24 15511
90 17 29 610638
91 29 17 610638
92 41 17 691629
93 17 41 691629
94 42 41 339835
95 41 42 339835
96 41 43 656811
97 43 41 656811
98 44 42 454511
99 42 44 454511
100 45 42 347802
101 42 45 347802
102 21 6 22467
103 6 21 22467
104 28 21 23276
105 21 28 23276
106 29 4 35447
107 4 29 35447
108 43 8 23186
109 8 43 23186
110 46 45 30448
111 45 46 30448
112 47 46 385787
113 46 47 385787
114 43 10 20760
115 10 43 20760
116 13 48 24708
117 48 13 24708
118 32 13 44369
119 13 32 44369
120 14 15 17392
121 15 14 17392
122 15 33 7921
123 33 15 7921
124 33 49 27303
125 49 33 27303
126 49 48 15346
127 48 49 15346
128 50 16 716026
129 16 50 716026
130 49 34 51410
131 34 49 51410
132 1 2 111364
133 2 1 111364
134 32 48 40372
135 48 32 40372

